

Sacamos ahora los vecinos de cada Yij y calculamos sus CPDS
[(0, 0, 0), (0, 0, 1), (0, 1, 0), (0, 1, 1), (1, 0, 0), (1, 0, 1), (1, 1, 0), (1, 1, 1)]
[(0, 0, 0)]
[(0, 0, 1)]
[(0, 1, 0)]
[(0, 1, 1)]
[(1, 0, 0)]
[(1, 0, 1)]
[(1, 1, 0)]
[(1, 1, 1)]
[0.0, 0.3333333333333333, 0.3333333333333333, 0.6666666666666666, 0.3333333333333333, 0.6666666666666666, 0.6666666666666666, 1.0]
[1.0, 0.6666666666666667, 0.6666666666666667, 0.33333333333333337, 0.6666666666666667, 0.33333333333333337, 0.33333333333333337, 0.0]
